0
0
0
0
0
0
0
0
0
0
0
0
0
0
0
0
0
0
0
30
0
0
0
1
0
0
0
0
0
0
0
0
0
0
0
255
0
0
0
0
0
0
0
1
0
0
0
2
0
0
0
0
0
0
0
40
0
0
0
10
0
0
0
40
0
0
0
0
255
255
255
216
0
0
0
0
0
0
0
1
62
76
204
204
0
0
0
64
0
0
0
255
0
0
0
255
0
0
0
0
0
0
0
4
0
0
0
3
0
0
0
1
0
0
0
0
0
0
0
30
0
0
0
30
0
0
0
30
0
0
0
0
0
0
0
0
0
0
0
0
0
0
0
1
0
0
0
1
0
0
0
255
0
0
0
255
0
0
0
255
0
0
0
255
255
255
255
255
0
0
0
0
255
255
255
255
0
0
0
1
255
255
255
255
255
255
255
255
0
0
0
99
0
0
0
0
0
0
0
1
255
255
255
255
255
255
255
255
